0.106022918381495 0.641662347392412 0.962411596891858 0.683216267430301 0.141127585194772 0.408709589787759 0.215945867573222 0.722583541590332 0.184327506892926 0.140639864989013 0.123540725644367
0.32966041440183 0.284106808553527 0.701241317775566 0.28555010422715 0.361885952320881 0.479318620534226 0.722244908379313 0.523686164592315 0.0626655495550949 0.464969061710872 0.819330271770013
0.938635099766543 0.688747096804824 0.691150096301377 0.829308185412083 0.971673805953469 0.94986487851711 0.565624306205427 0.771682087980056 0.695792353112483 0.105602672013144 0.496568503289018
0.506646558046729 0.243227764967984 0.486316400106686 0.164359389107752 0.749137033273776 0.872866643713011 0.582851175426428 0.339604534521156 0.548208239759939 0.504219385314112 0.969554616442959
0.197258118289756 0.0844676014501601 0.203018417473262 0.258218495037484 0.237256959907245 0.326380308005416 0.170809533970896 0.695018660286829 0.621453374408884 0.430731627927162 0.389817273125906
0.846304781424502 0.513228965905728 0.234869145332292 0.631977842360114 0.228358471754473 0.598877208602304 0.452063638806188 0.64854930327856 0.211834723871046 0.060405733230679 0.573476687100871
0.899522162446131 0.337512602573649 0.606731941533508 0.928168873826507 0.669282939354889 0.504787096695509 0.488114985699455 0.981629068097876 0.350509217261182 0.270535591877221 0.881079383347727
0.272230462376804 0.955299903826866 0.148164168095294 0.216242785092133 0.429197510533656 0.712432246160461 0.506367288419278 0.476552211929811 0.721507470951959 0.073405001941137 0.502925836741148
0.618222660794466 0.56478748737912 0.430287746730028 0.551961603279536 0.499880172956424 0.446030304088102 0.859911782449732 0.948005716820868 0.243621474164926 0.606724768225104 0.536774941174857
0.648141049459809 0.910123347310582 0.452690250531305 0.43825793118837 0.621592881515001 0.931612206976085 0.431133467562419 0.385905259525559 0.11049664055657 0.64530632221722 0.315474382163181
0.569114112619233 0.999250372712656 0.979685314228603 0.934816036410242 0.0694200470830159 0.647476944323474 0.758903270905527 0.321261685436669 0.970633433918313 0.77295657293871 0.915017191099469
0.0225890766285981 0.200080414972035 0.515245541970944 0.0295686237843862 0.391066813498037 0.374786869151285 0.959529858043728 0.419125358108431 0.311409296935502 0.842043156349488 0.760984650110671
0.439879322736912 0.620628606242826 0.198823924675041 0.879315252670009 0.714403040414133 0.219090897844095 0.618544200373193 0.175055530925359 0.152709191546698 0.495345552490714 0.0545759846417544
0.977599287813064 0.0481441430863924 0.35392573804905 0.736747651149441 0.963907416843964 0.234428929698576 0.380798386394357 0.586981588501173 0.910295827052323 0.339620972215198 0.185285731234277
0.802710770943668 0.319644155035106 0.657142812238696 0.49846189096376 0.0112000169892174 0.753611192440925 0.871048524203555 0.830861923940635 0.486468270259987 0.956192647667679 0.439396974038876
0.134927078916614 0.89014959296522 0.85795379418026 0.1250988398698 0.648449088089789 0.989390175510198 0.00144635841716081 0.00752360529925985 0.451888192957267 0.677552249744379 0.728016357556529
0.923360525168634 0.7933115020957 0.0661164207927262 0.988677304575685 0.117621817183681 0.11578917192334 0.323733278534686 0.263338939393482 0.0931171070415682 0.755932268226752 0.405887402805577
0.372647801321 0.144199519963392 0.542705074162222 0.305315020098351 0.931632947694743 0.550769429675226 0.775051718065515 0.74894073731266 0.96060845159421 0.725656764166585 0.953526692771508
0.0393872702513666 0.568659301684238 0.922255295718787 0.34751197413425 0.0616979608118224 0.806651653642378 0.985627722969123 0.9007227167914 0.021231454568139 0.873527721917101 0.274839681761417
0.210936511901673 0.0106588631868362 0.592260185052874 0.510935685857354 0.461750305907723 0.348691129991009 0.141721687910225 0.0508508673209387 0.529088970789841 0.98442103661558 0.226303179042103
0.343331321810062 0.192340932650647 0.867104589085405 0.585626757909389 0.561059976588391 0.610268872923916 0.249910373685028 0.55462907422722 0.846096239760906 0.214549685257953 0.847496127374082
0.0901212753960863 0.12218227328655 0.120306008043311 0.0365019134051787 0.503635764919454 0.770937619868588 0.101503521353394 0.270484487060457 0.807182549194355 0.5750574848343 0.337342304637423
0.706157583886913 0.366963064757874 0.817607276157166 0.72824025703012 0.79365409615178 0.0928903903230093 0.271502359289055 0.882597272410445 0.642325724199569 0.0143767552915961 0.600822771101957
0.698530128068523 0.818992624429908 0.370703196079315 0.175837099297981 0.199346833796396 0.69840760480923 0.826771746754336 0.104625982987151 0.744844578889509 0.832366628467571 0.140968831516026
0.261424357281066 0.7240797741261 0.790503917116439 0.398522872846418 0.297479447604079 0.289246710073591 0.346092889100934 0.0876603775754726 0.271971283276798 0.902028254283747 0.774900305445772
0.475338396575535 0.838439707983828 0.0875796531055433 0.403245902183698 0.870543057562706 0.00783467754760447 0.0681014941403797 0.227442990806109 0.410953194523851 0.55781698122737 0.26194193714958
0.405125270867332 0.452207391771177 0.304535579347673 0.845047121436801 0.303316560901779 0.172417272844662 0.0362385609924483 0.840755191571467 0.383516033009316 0.38633657793592 0.0302242139199128
0.564189548367479 0.494603911744586 0.0321504442642132 0.0745395512940983 0.805184427006558 0.152092389857474 0.645633152959636 0.461126288992818 0.780233419828194 0.235376866322864 0.0891038752684835
0.790325738576939 0.745965018643377 0.75166640043996 0.774905462438861 0.858706570178038 0.837927775928983 0.692136035644216 0.614335855009267 0.898152325364451 0.332679744483903 0.655091661728996
0.734593776883169 0.420813350585134 0.273198024526937 0.647619103335698 0.591684834886109 0.0356597433409964 0.915490762284026 0.137146415996055 0.579026802827138 0.190871854256451 0.698697022985046
0.887824163539335 0.390329773997655 0.97435004019062 0.484520783845801 0.479998601416203 0.201484239871691 0.0623964694464424 0.865730929353352 0.104283093880319 0.293108767315668 0.685858263244154
0.177417884338259 0.661414995886541 0.761266806975861 0.693106753346122 0.760747293402286 0.3031471185522 0.61241752783341 0.0238501030214441 0.223588719506127 0.0261999998338676 0.342542560743944
0.0653256269773313 0.0513727543972588 0.876043019934635 0.79066832192863 0.768240919680102 0.635393158804315 0.801021815217488 0.821847370363927 0.437823685918314 0.540029258273231 0.621142836518508
0.165729355627748 0.610429629561258 0.940359828537718 0.581380796632341 0.169377864307414 0.275095161644276 0.396261966581612 0.130040102516068 0.0808052462855509 0.963753021159209 0.419832647423027
0.287999431005058 0.094998989716017 0.0724704941695866 0.0995031648975176 0.35304755185886 0.787997228169115 0.0126004790014122 0.354067050475472 0.822422466706485 0.252281986706657 0.751597868237877
0.984573783696396 0.870586638821987 0.772075325229283 0.90282527981132 0.998200604954036 0.191689924527115 0.234962120500859 0.450360357877798 0.627368808029375 0.707428579013019 0.664917585577738
0.11192349603128 0.101185434053574 0.809689598613962 0.122946082171984 0.685459823367031 0.469075308802227 0.442077228601556 0.279828520412169 0.524128483270761 0.521772512997268 0.793242900061887
0.223157143810143 0.468573974377553 0.365499938357001 0.462470938831878 0.916358242015122 0.0136760440267002 0.290001397574088 0.514181711897254 0.281458243017551 0.0487624407144419 0.101477377186529
0.682488158434474 0.856691356461185 0.576933940800761 0.360136952260897 0.0270759976255552 0.430366142008764 0.573341240912365 0.0345641782992364 0.539090456648652 0.320668675236326 0.892311365972273
0.0756089635561996 0.947371387704819 0.675039965682663 0.506497717860232 0.222574795340188 0.534782378150461 0.097518003731966 0.315373989148065 0.147809847941001 0.354686854232568 0.248376395632901
0.495381111015255 0.587371471949155 0.711309945752146 0.620076853510303 0.0946420039341319 0.437297504981204 0.847192038605378 0.469995676945352 0.865131883889747 0.482126058298551 0.554250834777486
0.323729024119287 0.462417513933421 0.215466426765003 0.310728312281814 0.884289706546891 0.0579115212021861 0.736843155619378 0.872786037361948 0.733930233231513 0.409718255628832 0.962194027928247
0.245690754973718 0.988556253364853 0.474827762471978 0.13999261277689 0.819895477738464 0.74058993011713 0.42475115111835 0.921633082263482 0.929665818319578 0.442761389744313 0.829608331228762
0.592700855746322 0.42570420189295 0.294681586230096 0.765379864089967 0.12991416787457 0.393409575151357 0.922543059898696 0.968077540545103 0.666348633272961 0.36884745080024 0.202232907303066
0.416971405459723 0.754351833557788 0.417672001151368 0.565937411695874 0.517290974711068 0.860157788787425 0.540868927629587 0.637501267489279 0.712582305952674 0.17659565693854 0.852599286938009
0.779945569110957 0.174617734747396 0.535400203093498 0.281638528393038 0.850440450072832 0.521619275881676 0.521502126118867 0.562585749366553 0.0557724535853292 0.201533456008959 0.576786406640895
0.333970517174263 0.682970205950551 0.628969154353642 0.973154227943936 0.58923715694109 0.933412753497638 0.968388549609032 0.960695984402749 0.872266722200826 0.567463378033911 0.488673029176425
0.531607975587637 0.704694844469971 0.837285488432584 0.853002346797924 0.955790992017137 0.708224314889715 0.111271981877508 0.712882709912568 0.432047690474428 0.999079425999662 0.714454218180617
0.840699888482535 0.921144464466488 0.135532583517488 0.167532993820108 0.616292654827703 0.81103194031554 0.945084122019277 0.756452570904124 0.363514993217541 0.888752807366351 0.300919788264825
0.764403810433578 0.772873292201742 0.00775280872282262 0.246898491657339 0.419956319920796 0.566700129389452 0.652446688040315 0.426673256568999 0.306721344603769 0.689908349011481 0.153938597192367
0.946352218176859 0.213708436568656 0.465416409628233 0.0598308102053124 0.374345922442929 0.337633251125226 0.67651592020217 0.157202781833864 0.672712412664744 0.163836564284672 0.988774952401097
0.444568430638174 0.332054224158249 0.507279236298443 0.63804446887807 0.534045069984859 0.262396706910416 0.340538651992877 0.787497177504701 0.193531991149454 0.784079685124258 0.28618007718275
0.616257244959706 0.266877417640838 0.100427394055684 0.385903379439454 0.260958097500649 0.675111703017804 0.332912672078237 0.25130542939296 0.590426002572834 0.12923999655759 0.0205665365656993
0.809042011560329 0.161987074937982 0.185576750369122 0.427172708251358 0.729407849044461 0.0870775045167344 0.875361537300826 0.208817945570142 0.477461626025615 0.911865721107461 0.0424159991457903
0.555626545506918 0.027257572087304 0.0566131022933405 0.709434595329609 0.0365137711089725 0.620754781656433 0.799495294577597 0.169454960257281 0.256381950822348 0.0912536991585512 0.0982290817347045
0.73207152907659 0.500161982011438 0.927248780644732 0.20016848675247 0.635239957542702 0.96846560332148 0.177366876014275 0.395235286852888 0.941342449388079 0.864596255408833 0.444295896254092
0.000596888210081185 0.826394374111745 0.661068898782833 0.873119928125137 0.149528015565981 0.100829638269109 0.703765930668063 0.617092251612727 0.789726538618561 0.81352952112793 0.197477964430194
0.650121137717118 0.251067863916978 0.38131856227216 0.821875177269491 0.3106984374288 0.162192008467779 0.481658402570368 0.593876317574177 0.00103226033000586 0.621775303006871 0.373270515224431
0.394924325243725 0.550211934566808 0.311332320480142 0.00472977124736644 0.290181131707504 0.90320122448029 0.157009089066802 0.686371140678724 0.980077371020646 0.639326112463217 0.903657525991245
0.912009891268099 0.357214566192124 0.250859868477952 0.946261769234358 0.433705410821131 0.892483753482035 0.231768461425478 0.095318468955035 0.367059433489339 0.762039404168415 0.515706845165308
0.356856081114771 0.534016017703107 0.697817434700361 0.893290094299785 0.816595410639032 0.590542558052887 0.66181648503795 0.896772893397914 0.887207869519868 0.457482890227887 0.668764206959167
0.126144267641939 0.599742071510991 0.842577125106861 0.45780113680327 0.987835242319852 0.683444038229451 0.838647744467016 0.999889509568069 0.383018460503081 0.882817221663815 0.279752261806667
0.385527964143936 0.860785041904698 0.994504057654801 0.0580438400172473 0.897669756325195 0.230859235289972 0.134774569324994 0.655437465341917 0.497529098181985 0.0211014896902877 0.466050914936932
0.429246373494 0.789597024347556 0.620125114228964 0.221094517105181 0.916812031265969 0.0713514287257567 0.785620216402458 0.436914503778098 0.464554511988536 0.304896556991541 0.94572927399034
0.459863800008316 0.281652247162613 0.0126638795016333 0.0151425363204908 0.755577428695203 0.181800872498813 0.685988081461983 0.73459869454382 0.0269779645313974 0.262992247931349 0.0618352923872105
0.524388332143038 0.880502196525534 0.17749691431333 0.803047500242246 0.209622462798143 0.273418630236605 0.409109390932523 0.675978283861574 0.599913215978692 0.933898463078852 0.358385823185866
0.710208796960069 0.0213142989804813 0.832661023912563 0.1950621802224 0.488431554281851 0.917448363691801 0.554131405267011 0.573155690785885 0.177448786849466 0.625833780031341 0.805662485248952
0.818586666303842 0.741337603062857 0.412419870195057 0.419110544765135 0.628934248715329 0.417387531003139 0.516154124758517 0.148532520556667 0.611410391912796 0.674877232792399 0.735780263436027
0.750830452615628 0.480152808277247 0.330325690233925 0.27193076084562 0.0847080051646723 0.721471818480253 0.357778365227083 0.239815463570024 0.130372307243912 0.708376779108464 0.888229921508658
0.95268089484501 0.44848965749261 0.56174751635408 0.796491936792154 0.509699052605235 0.0425900943868328 0.194058245170163 0.810715964314295 0.227341596733701 0.653583774729244 0.480401772101565
0.0516335504769813 0.0394735661315887 0.242227575429327 0.995388790621655 0.326037370638611 0.0309320558522207 0.495994128443999 0.378324065144019 0.676190075291864 0.511109007640819 0.625511271576397
0.638124782120576 0.652119752489186 0.232909801623706 0.721946745474512 0.79071068711152 0.116851071745623 0.466233726992505 0.852746086738383 0.0711452882135442 0.394233300131358 0.791476020024857
0.0285516717432377 0.671725678616591 0.291247275052592 0.658498042759796 0.696167471612959 0.666360910582201 0.630236851441441 0.940765217751808 0.159080254777412 0.279891206102911 0.332089979655575
0.299205377769734 0.125986892638806 0.0917875864523618 0.966645512442725 0.723929197457619 0.759575249113065 0.201146430124451 0.495114631599669 0.816642808062413 0.168871098048597 0.541961597585275
0.856925340377105 0.182661090845553 0.591258959489642 0.258884632424451 0.550160782105134 0.388791272698048 0.932418946467806 0.506153485991914 0.318521172250621 0.0513149431169343 0.250470838224283
0.225021312368335 0.800966306193732 0.165197311514445 0.370587183566143 0.577411120840892 0.498006397846621 0.725450354587519 0.0807561692490708 0.956247139724049 0.098576709193488 0.414865650576151
0.2531470890739 0.138592439065299 0.51893179557519 0.471395579628491 0.107837285171263 0.514313872144946 0.126891725304692 0.911441941508868 0.995031235260346 0.589503581243722 0.377012583562949
0.667599248940436 0.977205378872653 0.492973548251515 0.0907661912613548 0.188661728739195 0.605216345334581 0.0883541670821918 0.0152463531509663 0.407130171333362 0.737746377394069 0.176799768321992
0.994735647481866 0.627311709342757 0.438148543613109 0.156512443273095 0.393845755015112 0.318465963756898 0.951418270630529 0.533972448391917 0.857704929314787 0.226376429000326 0.585389187280089
0.77327336636954 0.311079969278459 0.795419798857377 0.841113577581321 0.152356595239447 0.880708077123078 0.308269248941603 0.730494977491132 0.510456899080115 0.119566072750604 0.925526094898426
0.0980162746428202 0.408646191551816 0.384392102089866 0.752090350229992 0.043776705810645 0.13515404878029 0.25399251539493 0.77975016553925 0.725846305039401 0.920802645084526 0.00124452099165258
0.153960653396401 0.928440479200799 0.132312741712667 0.100801238089722 0.665736091026338 0.365151658716301 0.893088783641967 0.11266779807047 0.766460814047605 0.799285113285684 0.147164426072656
0.183652887737844 0.366559737369729 0.740583186129031 0.522011684246051 0.83364711922089 0.956625647553786 0.292420094142047 0.34327504998461 0.237510184311153 0.979449986526743 0.212660421956874
0.930803550475199 0.730985028211338 0.910621398446771 0.324493025212238 0.25282130939886 0.458002275104324 0.591615609943013 0.284781096825221 0.795403354486916 0.820886271481868 0.0712253144592978
0.587958069139859 0.936753886264826 0.045011083248149 0.595955745429577 0.00543776964768767 0.782440254773246 0.822702884138562 0.0620729752272988 0.341099461026412 0.490614293436132 0.532418845279608
0.880471640020066 0.0715931678831112 0.348345938208513 0.689836650702637 0.416309120160683 0.980405467954309 0.032136332715163 0.608014859198981 0.635365503277474 0.544354889157694 0.64973979005202
0.545133442914812 0.377521584031638 0.886855001223739 0.610811225949631 0.272843738177714 0.8298393426366 0.751692857214948 0.184813963478276 0.0336956809527085 0.362970653721519 0.719653541732502
0.313047912934174 0.520306400450257 0.953865263287056 0.53706790455229 0.935257361879728 0.84211922447818 0.980273701731736 0.415769854154981 0.296617635106668 0.837432096524086 0.866544869963157
0.466988082158302 0.229791151883546 0.717742448375793 0.340095900577338 0.333653452191114 0.562157127069077 0.0549584549560677 0.205425344219354 0.904424299899256 0.150430225677943 0.999025092731851
0.60609162178201 0.236247687402647 0.644488742210281 0.921301435075778 0.445344010239933 0.254529591252018 0.388970657383713 0.333063706610119 0.558201520053747 0.424693108654659 0.111687164679946
0.720838426383367 0.779662015696522 0.942496482160641 0.0832106609072071 0.734832375164842 0.383101703509844 0.466748554907584 0.62526318570987 0.416802758570217 0.437100260134321 0.868102447259783
0.660121397258869 0.899253356582873 0.610380220940957 0.702834099288642 0.0168922793197756 0.851462234240413 0.0175978841260076 0.365188385854708 0.258514970019072 0.852251740050269 0.935177044098964
0.689794927488159 0.526368935241286 0.261644006192607 0.909889223451804 0.246149715315551 0.651841363685283 0.37451861029646 0.763004922542799 0.876579931783878 0.96898589944467 0.035054944777706
0.378550328562657 0.0044174076601242 0.801223595399642 0.296720867287756 0.530141942860791 0.0776577732758597 0.312168142993081 0.986214934281694 0.836064841293652 0.000711850393175458 0.450817946484312
0.0445846851003201 0.809182418052418 0.55711996863829 0.185204007119561 0.902607356066195 0.0655877627393541 0.124774139935228 0.951612246337269 0.505968467580775 0.597451876773266 0.741676997478741
0.966369820013642 0.307606094274282 0.98833670867413 0.77683139621513 0.825761855663344 0.483501211367548 0.400566647768331 0.219529157869207 0.563342308437374 0.241722253029002 0.982410922268173
0.906492218656543 0.5774116216111 0.779724542146626 0.674334776300627 0.654330899601337 0.355569770943839 0.438775258313399 0.660103548828435 0.704911346799539 0.217384963207102 0.396083983441349
0.415066511692324 0.219614123481248 0.0177993835667924 0.953779186706136 0.543434682119793 0.130498984690833 0.996742462795616 0.443126781323614 0.0487950252660085 0.198201529959139 0.222777716417719
0.827684183888293 0.647897031903267 0.114706934115384 0.354661479660232 0.342929616364806 0.249840282107471 0.813996431423584 0.402430150576402 0.203308693055684 0.290294536013001 0.521010816194272
0.0697533132139749 0.96339399376302 0.31924837694969 0.863556159720368 0.16620172621139 0.0191383211912277 0.281238422496244 0.0256138639854422 0.687581566401059 0.942022878917245 0.920056494847328
0.797769954138979 0.260537592696104 0.730248425070507 0.810448892994706 0.842586171564957 0.888837537815562 0.858283593996506 0.484424822162449 0.0907736750591236 0.309729296005874 0.428577156145669
0.451955055063202 0.156815327459481 0.34054353965718 0.975022322841687 0.177717418109144 0.791929448939239 0.529724326299038 0.548833460863292 0.923567115108017 0.148837476130575 0.0136152676811131
0.510644623210343 0.0634771472075954 0.864385486006116 0.0188239560869988 0.777737665739066 0.405505945791568 0.889099670104527 0.525261656167762 0.604935167207926 0.40566278459349 0.701762096145346
0.63318850940171 0.758750526123913 0.636437366669998 0.445994506956777 0.680723453274307 0.998495412276437 0.716302103588047 0.92991553042278 0.174257012485759 0.722906398282309 0.815360637113918
0.173320989508647 0.547487057662026 0.749276933149667 0.548946957546286 0.317711443496713 0.308494079931794 0.546780951864397 0.805085862942118 0.00875120993199137 0.782860850350698 0.639546190318651
0.121502395544667 0.607808763621142 0.569245062570553 0.0495371235262913 0.110828855754031 0.630839758764099 0.159053750586463 0.673768398392713 0.134504094799437 0.116149603843223 0.46908383530293
0.577672175094873 0.712013285182184 0.402801230056987 0.655662505458652 0.280065084398181 0.962607417657273 0.0448634928907268 0.301043782138731 0.827190113958204 0.530992602068 0.0793820117833093
0.362166088132653 0.401244237285573 0.905610566722074 0.375494943991847 0.202808188173609 0.141899805034821 0.362974604060097 0.704065807939818 0.446945715231899 0.800742989217785 0.675184616679326
0.301836335360228 0.435369333366786 0.396445208326137 0.478538019668 0.375847090522681 0.531393994152313 0.906492658496912 0.372104667559809 0.944354821380693 0.349974436415747 0.322757307566159
0.146051751670893 0.903087982230742 0.896022983595806 0.148277212904456 0.878404753884145 0.819693903025473 0.185494730167557 0.248493351552558 0.756066001922591 0.0415601050228967 0.777250333989893
0.536753592285095 0.396053867393251 0.218056114122737 0.885111901542405 0.943900846604568 0.912119383642372 0.0789469264370079 0.88736765391465 0.326274138826799 0.899940954173993 0.838490969173533
0.746575942701505 0.844134872977156 0.158048138922701 0.32924178156148 0.0563107523135841 0.462110342131928 0.601841214411737 0.0731068393681198 0.119726145399424 0.661733518292506 0.594430986933488
0.201388309430331 0.968631344034414 0.444191668004108 0.11297032541479 0.607157671368138 0.669223630003398 0.224701549797707 0.159488927514758 0.567402403640638 0.56595241932082 0.159480862953933
0.860393720327799 0.080332985673643 0.528854668646818 0.229461751511553 0.567397775648472 0.549013757207043 0.263292290301373 0.796208878284476 0.471077962260461 0.696441541063056 0.560172358968218
0.277467906713719 0.698466948064743 0.167093213152839 0.745432087365771 0.404545702791074 0.729738612282866 0.635492919926764 0.295616166574958 0.989208775638447 0.469921021629125 0.126484198971108
0.235507200732051 0.108694636988609 0.476869883293208 0.239876820843589 0.471030439781801 0.581935934860182 0.773139083369946 0.124659412911084 0.342989030257255 0.741774955411286 0.236532223991041
0.483719566322786 0.189860338009506 0.0818793842025722 0.574414121140338 0.081961814975754 0.747223005628136 0.937246067575567 0.578328564763069 0.652141268392249 0.0769399454603748 0.354916582561176
0.867942281915263 0.292123696877388 0.0383809923834633 0.601661891690067 0.976172003966834 0.210251890146174 0.741942991748995 0.843663383674963 0.768633494927781 0.381525519484421 0.295040470208429
0.969895011995686 0.484765823722895 0.275846935901791 0.413838136570606 0.457742244020725 0.29973786547392 0.592966711428016 0.191853412277608 0.395961343157493 0.933057980613861 0.170513722042476
0.0138687780786616 0.349439959705342 0.674629268230638 0.529348966554971 0.70746633040059 0.18496024190487 0.674244003614876 0.0425529081316199 0.28878833889806 0.609645372171265 0.615639362187358
