0.664549718907801 0.0530181058469073 0.0753567613156823 0.703728777176002 0.600141107141584 0.00407105109964808 0.967226471984759 0.0797631023432283 0.0792867905382688 0.713486231448284 0.892574873182457
0.848635083609649 0.396048879474013 0.17623990647456 0.0011878020731577 0.877169293995636 0.888724169201062 0.436055224307347 0.234570264616438 0.603372016382248 0.347075617367712 0.454836509817202
0.769852576606597 0.0692477542965207 0.160417328761347 0.153175378866338 0.388459739345126 0.670638875746711 0.39427296682455 0.382679183511452 0.493238930617614 0.0321889322173471 0.150260406612263
0.952881465211976 0.242112590547185 0.507291011031096 0.445384303057411 0.129420982248848 0.776152321387781 0.336531729192939 0.774144910289518 0.775308594398666 0.496489213632109 0.271223053404052
0.687039817510716 0.206563351947504 0.905083387572086 0.0565312808224311 0.668659893710477 0.852601376959744 0.256486195172571 0.707086111795312 0.667287159346355 0.0415943590225652 0.251659075974021
0.549144355130071 0.438793248791868 0.0517543147240455 0.891027671839887 0.420615724741947 0.482687381499757 0.403038510053496 0.888571920560207 0.0462397205255305 0.978233223055334 0.048931153898593
0.443633058314056 0.284521248352636 0.302772662974894 0.479861913943508 0.446979605526819 0.335385935012406 0.79485798246266 0.519960596736443 0.930026003741659 0.152362386240081 0.934127664498131
0.519731875450816 0.0124472412164323 0.852957462406872 0.388890243335239 0.582185882370686 0.20292554241023 0.5463152187857 0.737363317403166 0.75930043309927 0.0960301095813823 0.615194004287089
0.582521543907933 0.847576233764024 0.683197500329698 0.340566161742512 0.140118633014693 0.801664537542577 0.068916887465942 0.558984508625387 0.868999636082056 0.599927926094582 0.570852888123287
0.394158524237961 0.40807450612192 0.665142077933221 0.083613551169401 0.0607053364568856 0.256993212517894 0.607065259118099 0.916054427650912 0.398746055234612 0.679215950060946 0.905368147425664
0.827464654030822 0.111360714910552 0.881594557951515 0.256652667179393 0.246874005921806 0.10382642611318 0.142776514649934 0.289683917673149 0.729636326455511 0.759293133687849 0.471511349716457
0.146467260587572 0.997933330350012 0.948159663480086 0.637642882832248 0.286148216627771 0.0823107614569987 0.838881902156087 0.489834564245151 0.167269398892919 0.873507366513756 0.86650533641999
0.720537334106242 0.76874077002091 0.248130304430379 0.111402311812465 0.0170018748904113 0.0433902207160524 0.286936032698335 0.650881993312699 0.643371125446477 0.257586570668112 0.370890365690381
0.0713806559874987 0.544260677710796 0.452200148285677 0.686342597110585 0.705394858835886 0.945459858960627 0.121868735336466 0.692731358431047 0.271327016977981 0.289288534773126 0.831179940896497
0.00241885920404457 0.94105944991461 0.37920822785818 0.318847290451716 0.814300596316267 0.611221603818315 0.939609165879665 0.0499146984172209 0.52600949613261 0.326983382498535 0.327965743410944
0.900829980877461 0.655793597143687 0.0210761545808055 0.597801315243123 0.910010838130256 0.575361089226014 0.200813312562726 0.854901945831565 0.833197790110717 0.85692662288396 0.191303027588098
0.887374545055597 0.666912657036058 0.557913781820874 0.952289186348207 0.860123048827518 0.735624672697547 0.832123116330088 0.442264249476527 0.357068688511693 0.923945032254172 0.0844621967563095
0.294527726247907 0.364419688264995 0.631507911092679 0.230294037173735 0.54567292178787 0.537214476174752 0.585707541460094 0.989516108521881 0.220964003885941 0.93649847075964 0.401019980123965
0.356498173738752 0.815334088275752 0.217044920899207 0.859524229281427 0.785458736049865 0.144473226026942 0.912682754565806 0.818649037467549 0.333250339934602 0.6449747963207 0.70372821756949
0.207351639531165 0.588429550539392 0.499403226583187 0.608400350116426 0.18489085942468 0.98076343916861 0.313783387795168 0.0193210131081287 0.460444519940453 0.614934848873721 0.974315867976596
0.975680035162562 0.303576261883912 0.708180324345206 0.995330292496753 0.334269876989614 0.456902632924418 0.170844261934205 0.933834901473407 0.400838593996984 0.113168576811828 0.225236275697049
0.247900234201613 0.748679497354897 0.35157265139084 0.428647414253404 0.987404851601847 0.173418183580119 0.758200646059898 0.420778265044404 0.953445278965713 0.564224992407253 0.685063217679271
0.622418693963361 0.470434306979102 0.76622672691592 0.927436102878225 0.937709770219711 0.725785349709137 0.70872616317162 0.306013806102176 0.13193610884288 0.826626904308796 0.647201846334307
0.404884817076769 0.877083712692062 0.798312234556458 0.513735987558418 0.0971416361397132 0.634850783098955 0.524486842772846 0.127986890273557 0.587710755147661 0.208139071646535 0.752131164586171
0.323768597629775 0.198622989844686 0.579688459879253 0.782929638198887 0.51863572729441 0.278355809790082 0.868425536031524 0.59126517555754 0.973268801881932 0.179957683126365 0.549083846691065
0.168602776977544 0.703644736755329 0.111944524264739 0.832705593995828 0.202793107585361 0.930210821336368 0.0542630549423241 0.600904667113597 0.536494409081449 0.506465767832318 0.793908811323733
0.0340914522588719 0.929163748346036 0.409874914510874 0.564678583765635 0.753125618297296 0.39234005419615 0.0312388032965828 0.205709196130435 0.239119737436219 0.396457291964907 0.100652188799965
0.486378535370265 0.523339096773028 0.283369216580953 0.176061564129001 0.469658705483501 0.520181006744194 0.681369552695348 0.144690588725886 0.157611563995791 0.413818507447528 0.0151700223737862
0.747994125516076 0.620588522144438 0.974248731188709 0.751793470842919 0.320979665229485 0.410951144265709 0.657928177823002 0.172438220241262 0.0237029956789532 0.436420511877319 0.524535454961006
0.10977765362671 0.141071239897671 0.800189871663072 0.2966776828398 0.6557883222568 0.310620655521052 0.492429045733297 0.360594146819009 0.856458324199775 0.792492664098972 0.356284396088449
0.25265432545566 0.608053293946432 0.426172342661691 0.128982536203694 0.85424387534537 0.467441901446242 0.538865200057626 0.133849731689164 0.179400285717566 0.123036684276303 0.389182900530674
0.739178288681433 0.169637302757474 0.540641173784388 0.237025024633234 0.0365354878847332 0.892849085850564 0.299339405951711 0.569897742183336 0.90317872731636 0.454925410891883 0.790504244026185
0.0983415512465096 0.737850955992083 0.127955648176915 0.218189058641049 0.496014597505564 0.628319696934583 0.0798607428499963 0.109825148959256 0.809976624530585 0.533053808096641 0.93331565297946
0.91407216519583 0.157372475258308 0.96392905691561 0.937181241214663 0.401803596414781 0.194349841517396 0.110543504520319 0.554682744368135 0.748989270284073 0.926589970428419 0.349777424405329
0.329101030802121 0.550268491704871 0.525525854471683 0.0273552926587096 0.119447584948891 0.556917730158117 0.177909520652611 0.953795295216454 0.444572034410279 0.848170520433147 0.29532972589562
0.588752082271579 0.27586194787873 0.589382159816644 0.851177894481225 0.932665882921234 0.116019827125516 0.805059507970388 0.0622652944254999 0.314328591376155 0.958747059126229 0.466280761545446
0.541031617025146 0.0652187867167716 0.193258873062829 0.375899253661434 0.723739161028061 0.372957134745472 0.347966433198114 0.714079181134002 0.619218665817364 0.00626613005103233 0.0599579594912939
0.0595457518977734 0.959217906842241 0.361377594742225 0.622723291899698 0.376956397549172 0.466460606713857 0.0663549954614912 0.0155363239212117 0.963440728699788 0.752581403018363 0.174434793849165
0.854266355737733 0.874180411815178 0.0129760071557636 0.301884248402591 0.456319366424577 0.935235103291537 0.490050827162728 0.223738539639938 0.201086722500622 0.24209618702104 0.766619698687767
0.185448553979707 0.646200518011271 0.772131917588801 0.876242041550965 0.954647278603322 0.234999824844999 0.219867883847716 0.328286410635337 0.0712068699164471 0.475746833663046 0.0944743467417235
0.346513260621578 0.00218899915344082 0.489722763632502 0.906337711593369 0.174764758010861 0.0840706871997099 0.301672876335215 0.355895937550425 0.415454941427258 0.577205865378103 0.671803127496969
0.652012961677974 0.923206055148815 0.883890876251583 0.36610500345123 0.256920673314016 0.306207838586609 0.991017922262351 0.917451319674728 0.10933194491857 0.420567513965458 0.600020872217525
0.934384425510264 0.818712199120394 0.227215900019898 0.461127911275253 0.622568793412453 0.225084695559538 0.24072381410709 0.976005935362385 0.986309962157005 0.385180924541783 0.321608507782609
0.225783176219556 0.598957654137242 0.143232518541239 0.284803998507171 0.0763976154810128 0.0153347022229961 0.738271978134677 0.0690351680483824 0.687003963786022 0.555630186101189 0.553041629099365
0.780707412896057 0.485696358161901 0.0419349472795147 0.165616906717575 0.992799705525007 0.865659363470816 0.666073326939174 0.682008081016829 0.158485062373802 0.800995289357767 0.83500420069322
0.995925468588636 0.0821102993252377 0.296831736414849 0.507818550028605 0.534006953800175 0.900407497043489 0.40955466707043 0.849907642028605 0.294256416553011 0.967935787886381 0.718761400470976
0.417529523502647 0.791263561461043 0.26205142265729 0.417153842797658 0.57477681999056 0.664382363504653 0.864605868138218 0.197347007199035 0.70705576602486 0.199886597390287 0.483151924604317
0.437560725297468 0.682577011369479 0.323102919933929 0.796927312251258 0.163071631859445 0.424049958503262 0.922200642475703 0.479751720725714 0.578557064954657 0.686917624556615 0.142380214889999
0.697999061828402 0.529629473849976 0.0675596032427469 0.642953918647254 0.806515968957683 0.685975945201547 0.136613792735928 0.757393998641055 0.358957966190064 0.0528656107683977 0.820116676756879
0.482348411004447 0.72819299356003 0.666852723372479 0.697635010204976 0.79189006453186 0.163241905160248 0.620959420944564 0.882419559326566 0.652219007717213 0.162313992949203 0.261474970633086
0.288926207235393 0.313688693343041 0.462545116919015 0.738182122834648 0.363167779093298 0.0642933183194449 0.878444581160632 0.811202853163316 0.860842341384462 0.319840872640877 0.999535107713503
0.896090920290832 0.863561104953988 0.649103546571375 0.574312920534673 0.272085653656783 0.507771092761929 0.526955642799536 0.794620158921074 0.504274098146319 0.0903781916713342 0.63690454121291
0.125061248656129 0.340007019743401 0.60326248187533 0.540220802517918 0.645398663131831 0.969996363295165 0.784722666995367 0.279334721260238 0.48219112661706 0.891370564867975 0.112613166226462
0.368034389258052 0.255561290270028 0.391201046836795 0.982629626847726 0.00543168146784107 0.818050346849486 0.383005961184002 0.640837965655373 0.0054547147708945 0.721761822215437 0.430503897114734
0.511768479559881 0.423261130942653 0.992443065048428 0.485429313150235 0.682681013789261 0.285020645090844 0.458438441727776 0.243917593779042 0.880978190846508 0.631231571524404 0.206353660670963
0.0173436288314406 0.104098203776327 0.75592635369782 0.715028686611913 0.86691530184083 0.791697774167794 0.724009169923374 0.628689831025743 0.370462032886765 0.229496192156027 0.00721025666571222
0.809474105364643 0.232076837392136 0.914705814087453 0.0652934448774128 0.214474523238217 0.765924915056288 0.598274229395126 0.397569419544501 0.770837813272374 0.336808623237691 0.528223427043607
0.609400416739906 0.457377342730373 0.826942896513113 0.166912858698439 0.314360136478596 0.357174845189244 0.00159482253754201 0.414026045135688 0.263025440997444 0.268168948555831 0.590444992635942
0.166434217979743 0.367527987237554 0.840645567859368 0.0686268595823397 0.528298493732776 0.586736588944526 0.957661727032003 0.509801466683469 0.564915142179234 0.66654890338347 0.947399979738596
0.700889943536216 0.970815928650942 0.732283217188281 0.815560182963964 0.734749162647252 0.707116262531296 0.691156823731338 0.462042509601451 0.0389806254184805 0.774750702808766 0.875708726688754
0.638000500826941 0.628658226553428 0.897413340315688 0.773156848115226 0.594802239583805 0.657467080458688 0.431654004362645 0.94915178429607 0.438112782716053 0.81332889321299 0.591942160898664
0.281902952874467 0.663265768355147 0.739343648731786 0.328442435637893 0.696032887043354 0.958649683276114 0.852942495892057 0.371716551137312 0.823870916041778 0.0590099604897356 0.85612669463347
0.15194791322186 0.443796197668416 0.256263001928649 0.0214955201818763 0.919299516089571 0.620417445558511 0.773981055731808 0.344189422661051 0.144061640884805 0.839466748078121 0.0244139861160268
0.236072121944744 0.708957829287586 0.982666344480822 0.0384220647198769 0.307519005221548 0.347259167418815 0.228373215960649 0.61787191904732 0.0285028483893257 0.173252546455478 0.616923667360485
0.729387644940289 0.492457756477719 0.150203053750253 0.273428273069051 0.820541675658509 0.791221083747223 0.10704199221412 0.124886232870631 0.208396063469506 0.53851990554637 0.725035316411716
0.425599092316891 0.886012754410816 0.169570709603916 0.123780613066629 0.77846381640217 0.984575312817469 0.810774884109075 0.86386970783739 0.596307241173539 0.449467513946972 0.986582409206312
0.460703888622811 0.125598238513339 0.418930024789491 0.473891033245794 0.414623468980426 0.514262017469931 0.929631102750621 0.926756942182935 0.474171796675849 0.0739180218505984 0.957493920965741
0.193310732301325 0.683644296481119 0.622179594859093 0.66044873619879 0.504677269029586 0.678512597064643 0.482797666495511 0.534701761419031 0.0621827772605078 0.405343920739445 0.651744173311939
0.608170237980085 0.380896677967394 0.349222341127461 0.529371590118778 0.342064054913741 0.404298408676793 0.453031343539866 0.0294345529420146 0.847791391153199 0.362806513544638 0.244097881581789
0.878612766876662 0.942433611582965 0.468348321566979 0.577222401033699 0.435242991298825 0.0529969918522208 0.759780004249963 0.401180436015905 0.343310400090801 0.510346714007513 0.735614968036922
0.670880578793973 0.990065853241443 0.00346847935385692 0.356016406738975 0.240674926284313 0.448427394630077 0.272864512600548 0.749000008470224 0.388006867450895 0.989153519173851 0.341523678177812
0.532748323030925 0.780028407972228 0.515708498780926 0.148131500877207 0.889629823244953 0.713478896869735 0.612546942743938 0.684391762636369 0.42447053110615 0.601603035116568 0.21458657986174
0.807506061360861 0.208978942717658 0.215776308377584 0.458293590178558 0.230632694905701 0.131330150259115 0.961401254324786 0.231120330861692 0.890041096060304 0.14442429371217 0.500700543979959
0.016335422473882 0.826266450250599 0.812637531788399 0.972373098391108 0.0259766912204213 0.292790985881584 0.364330158914284 0.150308890865805 0.944992494942077 0.655476986356856 0.800479135468292
0.106488727324177 0.841574180463795 0.566194455620522 0.607929607137339 0.156959559054424 0.810660085803829 0.258683270091812 0.993578348780284 0.516233687426817 0.104436698474456 0.283829886710737
0.836509890153927 0.324373897254312 0.371625677373959 0.962476998990557 0.490221445570933 0.745747053491262 0.0489414907332199 0.257702208366633 0.54571826569542 0.266624404513277 0.175388560209346
0.759212713663389 0.158901951211737 0.956950628511064 0.216436144967641 0.841411666587616 0.571331857529003 0.574846917379182 0.455617313364443 0.681118049476451 0.908796385613581 0.125715668776926
0.572855620020224 0.0385877195047215 0.572417564851154 0.406168689297435 0.176279543074391 0.870426653599134 0.693982689224261 0.779711458521585 0.710416223007875 0.316322553200492 0.498044965402611
0.0500803338577195 0.0915963417442981 0.277777850299996 0.246231780276867 0.0523126874720522 0.911603934604985 0.322100030677393 0.646452563428708 0.790877402280845 0.222361905467308 0.41177946330087
0.08419320898635 0.263931381188255 0.0955791889476435 0.670984522878037 0.661310767269848 0.385430292886061 0.554611135761176 0.0934483815469624 0.185934295020221 0.381879559101071 0.768579945868502
0.308146699686768 0.297591100474043 0.118067252639836 0.868467469905348 0.551145837081519 0.839656944561284 0.643592343787896 0.728337153646862 0.66540815399494 0.745879433280788 0.377792048793829
0.391245031413079 0.751573039112069 0.331124850354778 0.908384663999702 0.97652169461168 0.249226521613309 0.191610172614067 0.468145232775714 0.978218230779748 0.728302901395364 0.886569108943998
0.920726164969771 0.427411213216449 0.0588126011328617 0.744206009572372 0.292195330467075 0.547063925218148 0.50104839586808 0.897907067718916 0.912291130487574 0.0147894997731782 0.0400816375176267
0.78818105950874 0.0327406609702545 0.657681008104313 0.724068489668813 0.0747287959345461 0.498189348521798 0.99845888869022 0.832118654831235 0.628990750777302 0.77512008647124 0.443398497383654
0.213078616016234 0.909056026814505 0.69209958432087 0.0927799365328004 0.113893961320476 0.138639594051832 0.0975813874043524 0.503899254486896 0.124771968634256 0.489736779786957 0.0812247745227069
0.491685597414228 0.577793857816141 0.435441117799686 0.821752055010681 0.947244265015858 0.18352603057671 0.703237838847175 0.0527850615423328 0.300805623520864 0.956855185789755 0.541347189517304
0.95972310253613 0.353453255237158 0.720259479016143 0.550275379021574 0.39515156444395 0.319495556751887 0.391275464203985 0.323631300610335 0.737267664901447 0.297495641132506 0.912924896306746
0.552493624804386 0.536455740690387 0.862127119933333 0.191867378239598 0.615209803396526 0.0952318263744625 0.00869561668368988 0.576386599017618 0.244777975908558 0.572622188566796 0.140435860313786
0.989783761867633 0.509846864404002 0.93331372376609 0.374131932365708 0.732037677251113 0.217067222549425 0.885683084913762 0.297339772285583 0.0850036374448488 0.875005925289588 0.303818791004596
0.358656743199875 0.180569353612373 0.781229609965036 0.836880930645081 0.742110397375654 0.0170838076175035 0.155312107612068 0.181433110435804 0.285007203585701 0.667991764872568 0.68138030578848
0.796491747780237 0.344311801924293 0.403601897820287 0.625263445277233 0.76030637298051 0.772003972287833 0.564712100941688 0.546745769697009 0.923444618544697 0.8988010821767 0.920255703081299
0.0295784174251215 0.124526175229888 0.595561691375527 0.983809752537248 0.0870909060351551 0.0267687726843481 0.368013271386735 0.341042167326668 0.491008342125375 0.702417954142826 0.164819286827696
0.377586758538382 0.325202461219548 0.0409720141945096 0.311043201736175 0.428024745781052 0.751075330083646 0.0844098032587984 0.273040317511186 0.250781517745539 0.208809394272976 0.631414497110139
0.629323314145828 0.240963737503625 0.108054998899267 0.522263995870405 0.963705022951278 0.179399155417923 0.467718099001407 0.766626879955099 0.793717712486008 0.587886031641392 0.566560507651108
0.562510615812304 0.566143962321803 0.521499782897687 0.497921193361981 0.281473119114526 0.694361761800246 0.631656328536337 0.10120891687499 0.13879336520719 0.0455039144163796 0.36653407496439
0.595532512944192 0.274913107929751 0.394431266960843 0.763887208174371 0.0435393592517357 0.427850568228556 0.276136142137693 0.0379621515399776 0.752661009462706 0.999182119424222 0.419261444897469
0.0791354462252154 0.762652756739408 0.0907222287418942 0.263340193820962 0.898399754501103 0.155430301614494 0.730885105104729 0.49866264432203 0.230385999839442 0.472836686998683 0.05591011713841
0.269505806983216 0.0954699382282949 0.789964545704424 0.278511700346523 0.849777962643808 0.215737762674689 0.424496783531504 0.0897152484433415 0.63361171373399 0.906413329049246 0.783127044362482
0.67539656033623 0.796274884264373 0.689502640002562 0.441131645089869 0.969185683950006 0.52929669941077 0.244782679326211 0.962761149652458 0.432018268903873 0.238202590920264 0.122286291532995
0.120324309156664 0.482500721444376 0.309216131772458 0.10799959654881 0.194906895956956 0.0744730940767719 0.510166032482327 0.667606526386226 0.335325980310639 0.351772094281235 0.698644050744285
0.338268822643052 0.80364895038656 0.236199554952327 0.415209477736304 0.462380318174837 0.564647928493408 0.162393820621461 0.308913419005694 0.991701106197434 0.374768881462902 0.280641735936903
0.969626446105152 0.892462548960854 0.271067674469668 0.00988158608670347 0.688261744616708 0.723657829735506 0.668839977642832 0.426286096403298 0.198282436145625 0.466434316901723 0.979123228877628
0.180243783327751 0.216771762926752 0.921567940708095 0.207361143744007 0.773709280711288 0.595321258151671 0.19282152458909 0.391419471354069 0.455862989336795 0.306403985999835 0.659491634712322
0.315172007334574 0.149059452522003 0.986947832731918 0.591001530664895 0.562120876775589 0.271404918663514 0.897216402948834 0.437448123305027 0.802865245036082 0.946608062845189 0.309220274986001
0.135607567951471 0.387922460731352 0.71335694224108 0.921557920358221 0.476121361446955 0.643133594569129 0.748272451839875 0.159540446065754 0.695045645738719 0.183485746455456 0.508748221447847
0.87459001201205 0.574057133649088 0.204774372883063 0.732635115048227 0.350237077581308 0.950908428017283 0.849995451899789 0.00668395352355825 0.892904028548704 0.734689341988026 0.199226255456839
0.645571958007834 0.0215261674583113 0.842755385523196 0.187941108147303 0.217244153289357 0.33189560106451 0.633361103139274 0.787496784042257 0.0560523417293249 0.821755172147338 0.0669654896676851
0.7551879582655 0.978204934120489 0.475330262898933 0.0800868594339894 0.641289942893976 0.600247775957299 0.32768333813486 0.80189611465709 0.323796958996293 0.61779923500726 0.235816181534513
0.0448718358607342 0.720498249060862 0.135226007578118 0.344252868743691 0.108117914871157 0.490869387749505 0.980312887183391 0.265120999800274 0.101844684478904 0.282018824171973 0.715302877669455
0.217789704170233 0.0489619419056301 0.543759803002467 0.398544136725832 0.260682395849532 0.26633754443028 0.12592146145956 0.720061002826939 0.55514171255054 0.425944922843094 0.43910736242154
0.944083091637973 0.464407931130457 0.610966115993991 0.650673681057136 0.368667376660354 0.848324940144084 0.949764143613477 0.593451474341176 0.0101423067719831 0.126498794935954 0.575344027745693
0.933330433547962 0.853054031529852 0.187660256829501 0.947596005505572 0.907184828156217 0.92460208053429 0.357331100335189 0.872917464424002 0.837926275742939 0.0199404203410571 0.843509681012559
0.710071663135507 0.502982733517031 0.937331854026221 0.790198282468676 0.514392921926143 0.875202703743707 0.906565876132421 0.529590250450807 0.518458156848404 0.860886966297403 0.867949069776417
0.469075168242368 0.185225307528162 0.02952567228931 0.843945044500288 0.585925191049076 0.124821808579145 0.44220783028868 0.189133302597717 0.937518709810684 0.786466279767531 0.394858365845478
0.450861176295439 0.694498970142255 0.640494982669285 0.543926473301447 0.710418953430296 0.361768789698059 0.819560834437531 0.900877180567477 0.72093236282429 0.638231434762323 0.0294675626869624
0.410144636729577 0.611219655171347 0.869355662190355 0.140947987077137 0.329939938569441 0.439653726888355 0.0181862806765518 0.616472782631172 0.569788488846583 0.134776284881324 0.491013611067319
0.818843050743453 0.410608456893048 0.333853886495732 0.805186373622079 0.0157430629265339 0.0339424583051975 0.776211427231707 0.83497063711402 0.281963620010841 0.543961913689661 0.222329307817078
0.504994123390255 0.639239771006396 0.821880804213773 0.0497401654642696 0.145313855200463 0.828085036668927 0.210266086589157 0.216080917837098 0.615299215581035 0.079091924225213 0.746380770924346
0.264555083871043 0.905295436429636 0.447869494671856 0.678671427076915 0.632345221044185 0.991711730752528 0.577843787542467 0.662897304544458 0.0946851191731791 0.519715294482497 0.965254208230181
0.859985176114909 0.957059415034018 0.742196767220351 0.897375567666798 0.826320672822961 0.382067036141719 0.0350625886193787 0.973213261753942 0.37680888560523 0.695633170513126 0.808637763229975
