31901.1 34947.7 29643.7 19676.2 7830.7
8331.1 8369.8 6774.9 3868.4 1114.7
18927 20928.5 18270.9 12675.6 5184.6
3807.1 2723.1 1684.9 726.5 46.4
22259.7 24858.7 21952.9 15320.2 6627.1
16833.1 18409.6 16003.4 10964.4 4637.1
4159.3 4135.6 3361.9 1858.6 46.6
20081.1 22929 19928.4 13221.9 5185.7
16687.1 18769.8 16921.5 11750.4 4812.9
26945.6 30416.5 26096.6 17104.5 6746
6268.9 6371.6 4052.2 1207 45.8
10744.2 11391 9748.9 6222.2 2054.3
36713.4 40295.3 33971.6 21726.2 8073.1
29566.4 32892.1 28512.4 19022.1 8006.4
20331.5 22359.6 20076 14010.6 5989.5
14295.4 15565.1 12676.2 7722.6 2080.9
24395.7 27356.6 23661.6 15830.2 6280.1
2203.5 1235.1 148.1 46.1 46.1
25929.1 28776.3 25299.6 17260.5 7025.1
30525.6 33860.6 29282 19509.1 7466.8
7032.7 6702.3 5135.7 2835.9 408.6
26085.3 29147.6 25600.9 17288.3 6779.9
14476.5 15935.9 14377.4 10046.9 3992.6
34120.1 37911.5 32040.8 20800.4 7885.9
12289.9 12959.2 10452.3 6345.8 1703.5
29481.9 33057.8 28415.5 18646.1 7060.6
34321.5 37515.8 32169.8 21134.3 8239.4
34271.5 37657 32136.3 20829.1 8113.7
14138.1 15475 13124 8659.4 3312.2
14617.6 15546 13344.3 8707.1 2970.4
10788.8 9288.5 6030.2 1745.6 46.1
27624.8 23944.7 19003.4 10937.3 1653.8
11718 10983.9 8027.7 3738.6 45.3
24505.4 20654.9 16204.1 8977.7 674.9
8337.6 6671.2 4418.5 1375 46.3
14548.3 11992.5 8123.1 2903.1 45.3
6696.1 4143.9 1649.1 45.9 45.9
33251.4 32413.5 26368.8 16064.1 4391.4
8347.4 3223.9 46.7 46.7 46.7
29550.5 28597.6 22716.3 13231.8 2504.7
18327.3 15436.4 11669.9 5845.1 44.9
1661.1 46.9 46.9 46.8 46.8
6520.3 5683.3 2416.3 46.3 46.3
27620.4 28646.7 23439.6 14341.2 3785.4
7049.8 3836.4 761.1 47.1 47.1
13975 13598.5 10582.6 5771.2 45.7
18294.9 18402 14164.2 7609.2 45
11589.1 9204.1 5674 1123.3 45.4
25727.4 26826.8 21749.3 12995.6 2871.2
32245.8 31756.7 25877 15788.6 4223.3
2193.9 47.3 47.3 47.3 47.3
24477.2 25188.5 20613.5 12552.2 2982.2
35426.7 35027.7 28802.1 17878.8 5551.8
33868.8 33982.7 28074.5 17532.8 5513.3
30935.3 31829 26556.5 16798.1 5430.5
22478.7 19375.5 15258.3 8489.1 652.8
29897.7 29938.7 23833.1 13957.4 2845.7
21567.3 21802.6 17838.1 10797.4 2390.5
4999 1089.4 46.3 46.3 46.3
19922.6 16534.8 13158.3 7408.5 632.4
12322.4 12969.3 10759.2 6499.6 1131
25282.4 27647.9 23612.8 15359.8 5120.7
20530.6 23122.6 19727 12712.3 4028.8
4646.8 4098.6 2771 1924.3 870.7
33495.6 36961.5 31624.4 20700.8 7789.3
24140.3 27238.7 23601.3 15548 5642.2
8022.9 8191.6 6647.9 3816.4 773.5
13406.3 14427 11788.8 7011.8 1375.7
7590.7 7099.3 4983.2 2232.1 920
19153 20953.4 18104.4 12084.9 4133
15357.4 16966.6 14746.3 9718.3 3304.9
8204.4 8399.2 6729.8 3613.1 380.1
23782.4 26313 22742.9 14835.5 4999.4
17892 19899.7 17539.4 11823.7 4274.3
28043 30980.9 27003.6 17973.8 6799.5
24893.2 27769.5 23789.7 15490.3 5205.1
21660 24044.6 20973.1 14213.8 5487.8
33300 37206.4 31289.3 19890.8 6981.9
16948.8 18719.5 16041.7 10546.4 3462.8
3565.2 2475.2 1515.5 1143.5 589.6
35579.3 38721.3 32654.3 21030.5 7689.8
33876.1 37875.4 31984.3 20370.8 7107.3
30346.7 33284.8 28493.9 18588.5 6612.9
35667.5 39222.6 32830.3 21041.1 7474.1
20907.3 23513.9 20012.5 12934.3 4314.6
13473.6 14883.5 12999.8 8648.6 2891.2
13523.5 14130.2 11630.3 6869.2 1362.5
7572.9 7054.1 4805.8 1964.2 879.5
3738.5 4168.1 3519.4 2271 921
33496.2 36871.1 31406.1 20424.9 7610
6554.2 2462 1941.2 1339.2 516.4
5349.7 3424.9 2956.2 1935.8 727.8
34677.3 32625.7 24054.8 12054 351.4
15764.3 12829.8 7735.2 1487.6 46.1
9490.5 6519.4 151.5 45.8 45.8
3675.6 4104.2 3472.9 2244.9 904.2
22920.7 19873.7 12580.5 3514.5 616.6
27898.2 26666.1 19965.7 9985.5 441.4
19791 17887.3 11307.6 3156.1 798.9
7393.5 4848 3781.3 2109.1 481
20689.7 17719.7 11267.9 3258 754.3
33849.5 32862.7 24899.9 13294.1 891.2
9545.6 5462.9 2328.8 1549.4 548.5
6986.1 3036.7 377.3 213.5 45.9
13785.1 9301 2754.8 539.8 45.2
20339.8 17790.9 10996.2 2541.8 153.4
35321.7 34696 25233.3 12391.5 706.1
12293.6 7252.7 1506.4 977.4 250.4
26324.9 23874.2 16594.4 6977.4 540.4
11499 9104.6 3228.2 1936.7 509.4
5624.2 682 596.3 357.5 45.7
18699 17544.6 10502.3 2292.6 786.4
33255.4 34503.8 24577.7 11425.2 546.5
13612 10527.7 5689.5 852.8 398.7
33762.9 33154.6 24325.1 11936.3 558.8
27951.3 26639.4 19764 9828.9 563.3
22674.5 21003 15195.2 6947 477.2
24200.3 22321.5 16139.3 7650.5 315.2
32595.2 30686.7 22560.8 11195.7 903.8
16928.3 12818.9 6033.8 2083.2 458.4
