7405.7 7147 5583.3 3030.3 157.1
22696.7 25030.8 21958.3 14815.3 5934.7
31862.7 35372.8 30637.7 20287.7 8139.8
26223.3 28910.5 25467.1 17516.8 7310.2
27077.1 29832.9 25951.3 17743.9 7279.3
33465.9 36867.1 31764.7 20975.5 8278
4248.3 3507.2 2192.5 399.2 47
13952.4 15336.9 13786.9 9680.8 4015.6
17339.9 19444.3 16727.7 11001.3 4534.5
3705.6 3194.8 2392.9 1135.3 46
21229.7 23488.1 20650.3 14019.9 5729.3
7236.3 7706 5524.8 2496.9 45.2
23829.7 26811.5 23243.9 15717.6 6564.6
7553.4 7373.8 5621.2 3421 601.6
28009.9 31491.8 26827 17412.1 6374.5
28984.8 32159.8 28037 18930.2 7716.8
34512.6 37955.9 31987.9 20611.4 7957.7
20987.5 23862.1 21414.7 14797.6 6055.9
11466.3 12641.9 10919.4 7433.1 2704.2
5475.8 4327.3 2785.2 1228.1 46
27007 30345.8 26767.4 18190.4 7481.6
13974.9 15387.1 13014.5 8303.5 2914.7
15822.4 16764 14332.4 9136.9 3287.9
12920 14033.8 11392.3 6996.6 2081.8
17357.8 19046.7 16721.6 11385.5 4724
9304.8 9879.9 8098.4 4978.8 1625.4
35032.6 39097 32730.9 20912.2 7603.3
38164.4 41643.5 35030.7 22420.7 8249.2
20697.4 22547.8 19362.3 12689.2 4792.9
24948.3 27714 24158 16176.8 6338.3
25544.4 22296.5 17926.4 10599.8 1908.5
6318.8 4722.5 2176.1 46 46
6552.7 647.7 46.5 46.5 46.5
21470 21880.1 17726.6 10549.4 2065.4
24974.7 25581.5 20732.3 12495.8 2794.1
20896.7 18013.4 14376.8 8252.9 1015.7
31271 33146.3 27557 17357.8 5603.8
33378.8 33023 25170.3 14894.1 3362.1
11984.9 8729.4 5117 1226 46.1
34692.8 32866.8 26242.8 15526.5 3615.9
9853.7 9087.2 6551.2 2848 45.7
14630.7 14875.8 10799.4 4851.6 45
23970.2 25651.7 20652.8 12309.8 2537.9
20159.6 15993.5 12507.2 6924.5 301.4
7325.2 4048.1 1405.7 45.5 45.5
8613.5 7667.2 5169.4 1828 45.4
22022.8 19312.1 15247.7 8593.7 909.8
32393.1 31560.5 25520.6 15306.8 3856.7
7642 4707.7 1921.6 46.9 46.9
26472.7 27263.2 21783.7 12776.5 2488.9
47.1 47.1 47.1 47.1 47.1
13928.5 13197.1 9387.4 3999.4 46
32702.7 31456.1 25682.9 15717.5 4265
19352.8 19547.5 15840.4 9387.4 1615.9
30499.1 27988.1 22581.8 13489.4 3051.5
32926.3 34473.4 28200.1 17364.7 5239.3
16749.7 15458.9 12063.8 6641.9 211.1
16896.1 13565.8 10052.5 4887.4 45.4
2916.3 46.1 46.1 46.1 46.1
7035.4 3454.7 45.8 45.8 45.8
14759.6 15813.4 13412 8528.9 2162.5
8144.9 8030.4 5834.2 2500.9 897.9
36827 40386.4 34031.7 21789.7 7875.1
15458.8 16884.2 14454.6 9171.1 2551.8
13889.8 14705 12081 7402.3 1657.9
1185.4 849.7 826.8 648.5 359.1
1205 484.4 476.9 383.6 225.7
14623.8 15959.5 13442.8 8508.8 2044.9
30667.4 33768.6 28795.3 18752.4 6827
12283.4 13723.9 11175.6 6709.4 1254.8
24374.6 27803.7 24030.4 15934.6 5795.1
29004.1 32305.7 27684.6 18132.5 6385.5
20686.8 22953.2 19949.1 13430.9 4943.2
11109.5 11627.1 8932.4 4658 913.7
25175.2 28099.2 24020.9 15548.9 5438.2
31983.9 35105.8 30037.8 19664.6 7281.2
32354.2 35532.8 30557.2 20003.9 7551
17973 19851.7 17614.9 11929 4580.8
21732.4 24218.5 21369.6 14700.2 5781.4
12049.2 12626.9 10293.1 5889.6 972.8
22931.3 25276.3 22175.6 14929.5 5429.7
6620.3 6474.6 4578.7 1859.1 852.5
33719.6 36861.9 31260.8 20273.4 7512
19594.2 21648.8 19011.2 12854.4 4966.7
34339.6 38283.7 32203.6 20648.8 7289.2
20636.9 22438.5 18990 12105.5 3598
6043.2 5234.4 3216.4 2121.6 911
32014.2 34968.9 29817.3 19415.3 6857.7
27742.2 30332.4 25902 17024 6014.7
14584 15339.8 12829.1 7919.5 1928.9
3884.9 2549.7 2298.9 1602.1 685.5
29419.2 27805.3 20371.7 10012.5 415.2
15379.1 12206.7 6718 1981.4 616.5
14775.2 11878 6788.5 841.3 249.9
26465.4 23985.4 16094 6053.2 710.6
23302.9 20725.8 13918.9 4879.8 712.2
35211.9 35434.7 26251.5 13488.1 578.8
8848.3 4604.1 3675 2133.8 577.7
30796.3 30092.5 20951.8 9194.4 44.6
12217.9 8012.7 2334.2 1001.3 162.3
28481.8 28353.8 20035.9 9013.6 585.1
3496.5 3156.6 2803.5 1934 859.9
12875.9 8540.5 2769.3 1719.3 471.6
24152.8 21496 14828.8 5882.3 553.1
20407.5 16643.8 9445 2033.7 517.2
32578.2 30926.2 22392.8 10722.8 820.6
29804.4 28578 21713.2 11422.7 282.8
27729.1 28623.7 19973.1 8691.2 324.1
13612.3 10993.3 4482.3 1879.6 454.4
17845.7 15460.4 10261.6 3216.5 139
16731 12698 6267 1529.4 707.4
6260.6 3185.7 763.6 584.5 299.9
7002.1 2630.6 2351.5 1612.4 651.9
23026.7 21144.8 15102.6 6507.5 662.5
34206.5 32917.8 23499.6 10959.3 44.3
19848 16787.1 9740.6 1270.7 397.1
27436.8 24978.1 17908 8100.5 301.7
12734.7 8643.1 3398.4 2101.8 693
2902.4 1912.4 1680.8 1072.8 254
7015.8 4251.4 174.7 112.2 46.1
